00 0.070019343523468 0.006932848780948
01 0.070068143100814 0.006994290325480
02 0.070057278642012 0.007060153544538
03 0.070063011024092 0.006982137116782
04 0.070088293937598 0.007176707663252
05 0.070109016586244 0.007130963504473
06 0.070118568654936 0.007510872480403
07 0.070054385863321 0.006733921454650
08 0.070032129543942 0.006899655622471
09 0.070049468727405 0.007069529951272
10 0.070056299071217 0.006902373281856
11 0.070045265027633 0.007014481361217
12 0.070048733351985 0.007051120302508
13 0.070038536480290 0.006837184314839
14 0.070052318568827 0.007276734365451
15 0.070048149650596 0.007125106433504
16 0.070023467655889 0.007264304842477
