00 0.070251761192339 0.007582522924156
01 0.070300654099605 0.007815239661708
02 0.070260833228798 0.007796426232394
03 0.070264093924841 0.007256493729168
04 0.070253631817042 0.007225101206706
05 0.070249501052778 0.007267748283707
06 0.070261904468872 0.007184076284302
07 0.070228354837035 0.007278856066176
08 0.070274511067538 0.007388112905279
09 0.070216875177020 0.007395022319736
10 0.070269419272657 0.007327039376214
11 0.070255585171392 0.007616543675223
12 0.070278739286667 0.007606028001425
13 0.070268686064696 0.007345423326710
14 0.070282323804162 0.007488037396112
15 0.070254251885852 0.007480784462767
16 0.070293699013853 0.007447794496310
