00 0.069975405345397 0.006771340946594
01 0.069979911876386 0.006738206652228
02 0.069952431062952 0.006711885045209
03 0.069982107396342 0.006871999035721
04 0.069956952960299 0.007360704470106
05 0.069991335478468 0.007241420209979
06 0.069949808191415 0.007016461923195
07 0.069988831716779 0.007201038590423
08 0.069960089795058 0.007111040169915
09 0.070002810603717 0.007385735698118
10 0.069949745926418 0.007069212187337
11 0.069982079476583 0.007182826353995
12 0.069964795699116 0.007129524234418
13 0.069985726636369 0.007254987037157
14 0.069970862654492 0.006992199925472
15 0.069966438192456 0.007250696542195
16 0.069987671612689 0.007166748882774
