00 0.070060362737413 0.006928746197653
01 0.070098135280984 0.007078590578615
02 0.070080564715575 0.006998218673935
03 0.070078743366635 0.007154035561301
04 0.070067006172873 0.007244673834779
05 0.070115674069049 0.007183859767223
06 0.070121651095613 0.007105787509483
07 0.070150752036473 0.007158567589131
08 0.070081051185942 0.006798285740258
09 0.070099005994333 0.007099499744435
10 0.070055664995275 0.006560414553194
11 0.070111284044919 0.006838765786423
12 0.070070675287241 0.007002202906707
13 0.070090018690454 0.006917502327079
14 0.070076375562246 0.007001345951398
15 0.070071495218812 0.006831142263032
16 0.070073691338761 0.006950009623007
