00 4006448 38497
01 3994104 52237
02 3976857 64191
03 3963094 62125
04 3969559 61076
05 3952774 64895
06 3936882 65062
07 3927340 56308
08 3920994 52045
340_00_00_00 4006851 40254
341_00_00_00 3978289 60479
342_00_00_00 3974333 60331
343_00_00_00 3965911 60158
344_00_00_00 3970476 61125
345_00_00_00 3929325 59897
346_00_00_00 3934664 60635
347_00_00_00 3920943 52000
348_00_00_00 4009427 40783
349_00_00_00 3981343 59231
350_00_00_00 3975371 64074
351_00_00_00 3954041 64545
352_00_00_00 3971599 60685
353_00_00_00 3938861 67321
354_00_00_00 3945440 68507
355_00_00_00 3922958 54564
