00 0.070167545757983 0.008241126591298
04 0.070021411223151 0.007774626375103
08 0.070001125245340 0.007753582145008
12 0.070026867713468 0.007861660624009
16 0.070008036286304 0.007687979916048
20 0.070031296340585 0.007892975467354
24 0.070022246613186 0.007855205116421
28 0.070026318930269 0.007878753580315
32 0.069986202524767 0.007685638695437
36 0.070027049148112 0.008033959113530
40 0.070010169985496 0.007927394892170
44 0.070040703758405 0.007932166987477
48 0.069984561380691 0.007751297320754
52 0.070019293929124 0.007799682386701
56 0.070013620488682 0.007872406727796
60 0.070024548819026 0.007760882763227
64 0.070013879269970 0.007829146274215
