16 0 0 0
16 1 0 0
16 2 0 0
16 3 0 0
16 4 0 0
16 5 0 0
16 6 0 0
16 7 0 0
16 8 0 0
16 9 0 0
16 10 0 0
16 11 0 0
16 12 0 0
16 13 0 0
16 14 0 0
16 15 0 0
16 16 0 0
16 17 0 0
16 18 0 0
16 19 0 0
16 20 0 0
16 21 0 0
16 22 0 0
16 23 0 0
16 24 0 0
16 25 0 0
16 26 0 0
16 27 0 0
16 28 0 0
16 29 0 0
16 30 0 0
16 31 0 0
16 32 0 0
16 33 0 0
16 34 0 0
16 35 0 0
16 36 0 0
16 37 0 0
16 38 0 0
16 39 0 0
16 40 0 0
16 41 0 0
16 42 0 0
16 43 0 0
16 44 0 0
16 45 0 0
16 46 0 0
16 47 0 0
16 48 0 0
16 49 0 0
16 50 0 0
16 51 0 0
16 52 0 0
16 53 0 0
16 54 0 0
16 55 0 0
16 56 0 0
16 57 0 0
16 58 0 0
16 59 0 0
16 60 0 0
16 61 0 0
16 62 0 0
16 63 0 0
16 64 0 0
32 0 0 0
32 1 0 0
32 2 0 0
32 3 0 0
32 4 0 0
32 5 0 0
32 6 0 0
32 7 0 0
32 8 0 0
32 9 0 0
32 10 0 0
32 11 0 0
32 12 0 0
32 13 0 0
32 14 0 0
32 15 0 0
32 16 0 0
32 17 0 0
32 18 0 0
32 19 0 0
32 20 0 0
32 21 0 0
32 22 0 0
32 23 0 0
32 24 0 0
32 25 0 0
32 26 0 0
32 27 0 0
32 28 0 0
32 29 0 0
32 30 0 0
32 31 0 0
32 32 0 0
32 33 0 0
32 34 0 0
32 35 0 0
32 36 0 0
32 37 0 0
32 38 0 0
32 39 0 0
32 40 0 0
32 41 0 0
32 42 0 0
32 43 0 0
32 44 0 0
32 45 0 0
32 46 0 0
32 47 0 0
32 48 0 0
32 49 0 0
32 50 0 0
32 51 0 0
32 52 0 0
32 53 0 0
32 54 0 0
32 55 0 0
32 56 0 0
32 57 0 0
32 58 0 0
32 59 0 0
32 60 0 0
32 61 0 0
32 62 0 0
32 63 0 0
32 64 0 0
16 0 48 0
16 1 48 0
16 2 48 0
16 3 48 0
16 4 48 0
16 5 48 0
16 6 48 0
16 7 48 0
16 8 48 0
16 9 48 0
16 10 48 0
16 11 48 0
16 12 48 0
16 13 48 0
16 14 48 0
16 15 48 0
16 16 48 0
16 17 48 0
16 18 48 0
16 19 48 0
16 20 48 0
16 21 48 0
16 22 48 0
16 23 48 0
16 24 48 0
16 25 48 0
16 26 48 0
16 27 48 0
16 28 48 0
16 29 48 0
16 30 48 0
16 31 48 0
16 32 48 0
16 33 48 0
16 34 48 0
16 35 48 0
16 36 48 0
16 37 48 0
16 38 48 0
16 39 48 0
16 40 48 0
16 41 48 0
16 42 48 0
16 43 48 0
16 44 48 0
16 45 48 0
16 46 48 0
16 47 48 0
16 48 48 0
16 49 48 0
16 50 48 0
16 51 48 0
16 52 48 0
16 53 48 0
16 54 48 0
16 55 48 0
16 56 48 0
16 57 48 0
16 58 48 0
16 59 48 0
16 60 48 0
16 61 48 0
16 62 48 0
16 63 48 0
16 64 48 0
32 0 32 0
32 1 32 0
32 2 32 0
32 3 32 0
32 4 32 0
32 5 32 0
32 6 32 0
32 7 32 0
32 8 32 0
32 9 32 0
32 10 32 0
32 11 32 0
32 12 32 0
32 13 32 0
32 14 32 0
32 15 32 0
32 16 32 0
32 17 32 0
32 18 32 0
32 19 32 0
32 20 32 0
32 21 32 0
32 22 32 0
32 23 32 0
32 24 32 0
32 25 32 0
32 26 32 0
32 27 32 0
32 28 32 0
32 29 32 0
32 30 32 0
32 31 32 0
32 32 32 0
32 33 32 0
32 34 32 0
32 35 32 0
32 36 32 0
32 37 32 0
32 38 32 0
32 39 32 0
32 40 32 0
32 41 32 0
32 42 32 0
32 43 32 0
32 44 32 0
32 45 32 0
32 46 32 0
32 47 32 0
32 48 32 0
32 49 32 0
32 50 32 0
32 51 32 0
32 52 32 0
32 53 32 0
32 54 32 0
32 55 32 0
32 56 32 0
32 57 32 0
32 58 32 0
32 59 32 0
32 60 32 0
32 61 32 0
32 62 32 0
32 63 32 0
32 64 32 0
